0	2	0	144
1	4	1	2	3	4
2	1	5
3	2	6	7
4	1	8
5	1	9
6	1	10
7	1	11
8	5	12	13	14	15	16
9	2	17	18
10	1	19
11	1	20
12	2	21	22
13	1	23
14	2	24	25
15	4	26	27	28	29
16	1	30
17	16	31	32	33	34	35	36	37	38	39	40	41	42	43	44	180	196
18	2	45	46
19	1	47
20	3	48	197	218
21	2	49	50
22	3	51	52	53
23	6	54	55	56	57	199	200
24	5	58	59	60	61	173
25	4	62	63	64	65
26	4	66	67	68	69
27	1	70
28	3	71	72	224
29	3	73	74	221
30	1	75
31	1	76
32	5	77	78	79	80	81
33	3	82	83	84
34	3	85	86	145
35	1	87
36	4	88	89	90	91
37	4	92	93	94	193
38	3	95	96	194
39	3	97	98	195
40	3	99	100	201
41	4	101	102	187	282
42	1	103
43	1	104
44	1	105
45	4	106	202	203	264
46	5	107	108	205	206	207
47	2	109	287
48	4	110	111	112	225
49	4	113	209	226	291
50	2	114	210
51	1	115
52	2	116	175
53	5	117	118	235	250	263
54	1	119
55	1	120
56	2	121	236
57	4	122	214	227	293
58	10	123	219	228	229	238	253	254	260	267	279
59	6	124	176	185	191	268	270
60	2	125	231
61	2	126	217
62	1	127
63	1	128
64	2	129	274
65	1	130
66	3	131	136	137
67	4	132	138	139	290
68	2	133	141
69	6	134	135	142	143	159	160
70	1	140
71	3	146	147	148
72	1	149
73	1	150
74	1	151
75	4	152	232	233	234
76	2	153	154
77	1	155
78	3	156	157	190
79	2	158	280
80	7	161	162	163	164	165	166	169
81	3	167	168	278
82	2	170	240
83	1	171
84	1	172
85	1	174
86	3	177	178	283
87	1	179
88	2	181	182
89	2	183	184
90	2	186	189
91	1	188
92	1	192
93	1	198
94	3	204	265	294
95	2	208	292
96	4	211	212	237	261
97	1	213
98	1	215
99	1	216
100	2	220	271
101	1	222
102	1	223
103	1	230
104	2	239	289
105	1	241
106	1	242
107	2	243	276
108	1	244
109	2	245	246
110	3	247	248	249
111	1	251
112	1	252
113	1	255
114	2	256	257
115	2	258	259
116	1	262
117	3	266	295	296
118	1	269
119	1	272
120	1	273
121	2	275	288
122	1	277
123	1	281
124	1	284
125	1	285
126	1	286
0	1	50
1	9	20	117	171	172	173	174	175	177	178
2	1	124
3	1	176
4	1	129
5	1	115
6	1	70
7	1	77
8	1	124
9	2	20	179
10	1	124
11	1	124
12	2	180	183
13	4	180	183	184	185
14	1	31
15	1	67
16	3	181	182	186
17	1	181
18	2	181	182
19	9	126	149	150	187	188	189	279	280	281
20	4	1	9	156	190
21	1	31
22	2	36	40
23	1	191
24	3	66	176	192
25	1	124
26	1	88
27	4	88	92	95	97
28	4	91	193	194	195
29	1	95
30	1	196
31	13	14	21	55	57	108	197	198	199	205	211	213	215	216
32	2	124	200
33	2	200	214
34	2	68	214
35	1	68
36	11	22	113	201	202	203	204	206	207	209	212	214
37	4	124	208	212	214
38	2	114	210
39	2	124	212
40	3	22	124	212
41	2	212	214
42	1	214
43	1	124
44	1	217
45	2	88	95
46	2	88	95
47	1	218
48	2	66	67
49	1	219
50	2	0	220
51	1	221
52	2	88	95
53	1	97
54	1	67
55	3	31	202	203
56	2	202	203
57	2	31	113
58	1	66
59	2	66	67
60	2	88	95
61	1	113
62	2	95	222
63	1	95
64	1	223
65	1	124
66	9	24	48	58	59	224	228	229	230	282
67	8	15	48	54	59	224	230	231	282
68	8	34	35	108	142	161	225	226	227
69	1	124
70	10	6	232	233	234	235	236	237	238	239	240
71	1	113
72	2	215	241
73	1	97
74	1	97
75	9	232	233	234	235	236	237	238	239	240
76	1	92
77	4	7	118	149	170
78	3	90	96	242
79	2	88	118
80	1	88
81	1	118
82	3	89	90	96
83	1	88
84	2	118	149
85	1	93
86	1	92
87	1	243
88	23	26	27	45	46	52	60	79	80	83	141	157	244	245	247	248	250	251	252	253	254	255	256	258
89	4	82	246	249	257
90	5	78	82	246	249	257
91	2	28	259
92	7	27	76	86	136	138	141	256
93	2	85	257
94	1	257
95	16	27	29	45	46	52	60	62	63	157	244	245	247	248	254	256	260
96	5	78	82	246	249	257
97	8	27	53	73	74	133	136	147	256
98	1	257
99	2	261	262
100	1	262
101	1	116
102	4	140	178	263	283
103	3	264	265	266
104	3	264	265	266
105	2	264	265
106	1	176
107	1	267
108	3	31	68	124
109	1	129
110	1	113
111	1	268
112	1	176
113	8	36	57	61	71	110	191	241	269
114	3	38	191	270
115	3	5	271	289
116	10	101	125	126	127	149	150	189	279	280	281
117	2	1	128
118	7	77	79	81	84	118	170	242
119	2	120	121
120	2	119	272
121	2	119	272
122	1	124
123	1	176
124	17	2	8	10	11	25	32	37	39	40	43	65	69	108	122	215	273	274
125	2	116	130
126	3	19	116	130
127	2	116	130
128	2	117	170
129	4	4	109	157	275
130	4	125	126	127	189
131	4	149	150	158	276
132	1	150
133	1	97
134	10	202	203	204	206	207	212	214	217	277	296
135	1	278
136	2	92	97
137	1	195
138	1	92
139	1	193
140	1	102
141	2	88	92
142	14	68	202	203	204	207	208	209	212	217	277	291	292	295	296
143	7	202	203	206	207	212	214	295
144	1	229
145	1	158
146	1	149
147	1	97
148	1	195
149	6	19	77	84	116	131	146
150	4	19	116	131	132
151	7	232	233	234	235	237	238	239
152	3	264	265	266
153	1	284
154	5	223	285	286	287	288
155	6	223	284	285	286	287	288
156	3	20	254	260
157	3	88	95	129
158	3	131	145	290
159	2	200	210
160	5	202	206	212	295	296
161	8	68	200	208	209	210	291	292	294
162	8	202	203	206	207	212	293	295	296
163	9	202	203	206	207	212	217	293	295	296
164	1	212
165	5	202	203	212	295	296
166	4	202	203	295	296
167	1	214
168	5	202	203	204	295	296
169	1	295
170	4	77	118	128	170
171	1	1
172	1	1
173	1	1
174	1	1
175	1	1
176	5	3	24	106	112	123
177	1	1
178	2	1	102
179	1	9
180	2	12	13
181	3	16	17	18
182	2	16	18
183	2	12	13
184	1	13
185	1	13
186	1	16
187	1	19
188	1	19
189	3	19	116	130
190	1	20
191	3	23	113	114
192	1	24
193	2	28	139
194	1	28
195	3	28	137	148
196	1	30
197	1	31
198	1	31
199	1	31
200	4	32	33	159	161
201	1	36
202	12	36	55	56	134	142	143	160	162	163	165	166	168
203	11	36	55	56	134	142	143	162	163	165	166	168
204	4	36	134	142	168
205	1	31
206	6	36	134	143	160	162	163
207	6	36	134	142	143	162	163
208	3	37	142	161
209	3	36	142	161
210	3	38	159	161
211	1	31
212	13	36	37	39	40	41	134	142	143	160	162	163	164	165
213	1	31
214	9	33	34	36	37	41	42	134	143	167
215	3	31	72	124
216	1	31
217	4	44	134	142	163
218	1	47
219	1	49
220	1	50
221	1	51
222	1	62
223	3	64	154	155
224	2	66	67
225	1	68
226	1	68
227	1	68
228	1	66
229	2	66	144
230	2	66	67
231	1	67
232	3	70	75	151
233	3	70	75	151
234	3	70	75	151
235	3	70	75	151
236	2	70	75
237	3	70	75	151
238	3	70	75	151
239	3	70	75	151
240	2	70	75
241	2	72	113
242	2	78	118
243	1	87
244	2	88	95
245	2	88	95
246	3	89	90	96
247	2	88	95
248	2	88	95
249	3	89	90	96
250	1	88
251	1	88
252	1	88
253	1	88
254	3	88	95	156
255	1	88
256	4	88	92	95	97
257	6	89	90	93	94	96	98
258	1	88
259	1	91
260	2	95	156
261	1	99
262	2	99	100
263	1	102
264	4	103	104	105	152
265	4	103	104	105	152
266	3	103	104	152
267	1	107
268	1	111
269	1	113
270	1	114
271	1	115
272	2	120	121
273	1	124
274	1	124
275	1	129
276	1	131
277	2	134	142
278	1	135
279	2	19	116
280	2	19	116
281	2	19	116
282	2	66	67
283	1	102
284	2	153	155
285	2	154	155
286	2	154	155
287	2	154	155
288	2	154	155
289	1	115
290	1	158
291	2	142	161
292	2	142	161
293	2	162	163
294	1	161
295	9	142	143	160	162	163	165	166	168	169
296	8	134	142	160	162	163	165	166	168
