0	2	1	148
1	4	2	4	5	3
2	1	6
3	2	8	7
4	1	9
5	1	10
6	1	177
7	1	11
8	1	12
9	5	16	17	13	14	15
10	2	19	18
11	1	20
12	1	21
13	2	23	22
14	1	24
15	4	27	25	26	28
16	4	31	30	29	32
17	1	33
18	17	201	34	38	48	39	35	36	44	37	45	46	41	47	42	43	40	186
19	1	49
20	1	50
21	3	222	51	202
22	2	53	52
23	1	203
24	3	56	54	55
25	1	178
26	6	57	205	204	58	59	60
27	5	62	61	179	63	64
28	4	65	66	67	68
29	1	180
30	4	71	69	70	72
31	1	278
32	1	73
33	3	228	75	74
34	2	225	76
35	1	77
36	1	78
37	5	80	82	79	83	81
38	3	84	85	86
39	3	87	88	149
40	1	89
41	3	150	152	151
42	1	153
43	2	277	245
44	1	154
45	4	93	90	91	92
46	4	198	94	95	96
47	3	199	97	98
48	1	226
49	3	200	99	100
50	1	246
51	3	206	101	102
52	1	155
53	4	104	193	103	283
54	1	105
55	1	106
56	1	107
57	2	236	156
58	5	207	296	208	265	108
59	3	209	300	266
60	4	301	0	302	267
61	6	293	211	294	109	210	110
62	3	212	295	298
63	2	158	157
64	1	159
65	1	285
66	1	286
67	1	227
68	1	287
69	2	288	111
70	4	114	113	229	112
71	5	213	292	297	115	230
72	2	248	247
73	2	214	116
74	2	250	249
75	1	270
76	1	117
77	2	118	181
78	5	120	237	119	251	264
79	1	121
80	1	122
81	2	123	238
82	4	216	239	262	215
83	1	217
84	1	252
85	3	160	195	161
86	1	197
87	2	187	188
88	4	218	299	124	231
89	1	185
90	1	253
91	10	223	125	268	233	232	280	240	254	261	255
92	1	234
93	1	256
94	2	190	189
95	6	191	126	269	182	271	196
96	1	219
97	1	274
98	1	243
99	1	220
100	1	194
101	2	224	272
102	2	127	235
103	2	221	128
104	1	129
105	1	263
106	1	130
107	2	290	241
108	1	273
109	2	258	257
110	2	260	259
111	2	176	242
112	1	244
113	2	131	275
114	2	276	289
115	3	284	184	183
116	1	132
117	2	139	192
118	2	162	281
119	3	133	141	140
120	4	134	143	142	291
121	1	144
122	1	282
123	2	135	145
124	7	163	138	164	146	136	147	137
125	9	165	172	170	169	175	171	168	167	166
126	3	174	279	173
0	8	146	164	166	167	169	170	171	172
1	1	53
2	9	21	119	177	178	179	180	181	183	184
3	1	126
4	1	182
5	1	131
6	1	117
7	1	73
8	1	79
9	1	126
10	2	21	185
11	1	126
12	1	126
13	2	186	189
14	4	186	189	190	191
15	1	34
16	1	70
17	3	187	188	192
18	1	187
19	2	187	188
20	9	128	139	153	154	193	194	280	281	282
21	4	2	10	160	195
22	1	34
23	2	39	44
24	1	196
25	2	69	182
26	3	69	182	197
27	1	197
28	1	126
29	1	90
30	4	90	94	97	99
31	4	93	198	199	200
32	1	97
33	1	201
34	13	15	22	58	60	110	202	203	204	210	215	217	219	220
35	2	126	205
36	2	205	218
37	2	71	218
38	1	71
39	10	23	115	206	207	208	209	211	213	216	218
40	1	212
41	2	116	214
42	2	126	216
43	3	126	216	218
44	3	23	126	216
45	2	216	218
46	1	218
47	1	126
48	1	221
49	2	90	97
50	1	222
51	2	69	70
52	1	223
53	2	1	224
54	1	225
55	2	90	97
56	1	99
57	1	70
58	3	34	207	208
59	2	207	208
60	2	34	115
61	1	70
62	1	69
63	2	90	97
64	1	115
65	2	97	226
66	1	97
67	1	227
68	1	126
69	9	25	26	51	62	228	232	233	234	283
70	8	16	51	57	61	228	234	235	283
71	8	37	38	110	146	165	229	230	231
72	1	126
73	8	7	236	237	238	239	240	241	242
74	1	115
75	2	219	243
76	1	99
77	7	236	237	238	239	240	241	242
78	1	94
79	4	8	120	153	176
80	3	92	98	244
81	2	90	120
82	1	90
83	1	120
84	3	91	92	98
85	1	90
86	2	120	153
87	1	95
88	1	94
89	1	245
90	21	29	30	49	55	63	81	82	85	145	161	246	247	249	251	252	253	254	255	256	257	259
91	4	84	248	250	258
92	5	80	84	248	250	258
93	2	31	260
94	7	30	78	88	140	142	145	257
95	2	87	258
96	1	258
97	14	30	32	49	55	63	65	66	161	246	247	249	255	257	261
98	5	80	84	248	250	258
99	7	30	56	76	135	140	151	257
100	1	258
101	2	262	263
102	1	263
103	1	118
104	4	144	184	264	284
105	3	265	266	267
106	3	265	266	267
107	2	265	266
108	1	182
109	1	268
110	3	34	71	126
111	1	131
112	1	115
113	1	269
114	1	182
115	8	39	60	64	74	112	196	243	270
116	3	41	196	271
117	3	6	272	290
118	10	103	127	128	129	139	153	154	280	281	282
119	2	2	130
120	7	79	81	83	86	120	176	244
121	2	122	123
122	2	121	273
123	2	121	273
124	1	126
125	1	182
126	17	3	9	11	12	28	35	42	43	44	47	68	72	110	124	219	274	275
127	2	118	132
128	3	20	118	132
129	2	118	132
130	2	119	176
131	4	5	111	161	276
132	4	127	128	129	139
133	4	153	154	162	277
134	1	154
135	1	99
136	9	209	211	216	218	221	278	293	296	302
137	3	212	278	292
138	1	279
139	3	20	118	132
140	2	94	99
141	1	200
142	1	94
143	1	198
144	1	104
145	2	90	94
146	12	71	207	209	216	221	292	294	295	296	301	302	0
147	5	211	216	218	296	301
148	1	233
149	1	162
150	1	153
151	1	99
152	1	200
153	6	20	79	86	118	133	150
154	4	20	118	133	134
155	5	236	237	239	240	241
156	3	265	266	267
157	1	285
158	5	227	286	287	288	289
159	6	227	285	286	287	288	289
160	3	21	255	261
161	3	90	97	131
162	3	133	149	291
163	2	205	214
164	5	207	216	293	301	0
165	8	71	205	212	213	214	297	298	300
166	10	207	208	211	216	294	296	299	301	302	0
167	10	207	211	216	221	294	296	299	301	302	0
168	1	216
169	6	207	216	296	301	302	0
170	5	207	216	296	301	0
171	5	207	296	301	302	0
172	6	207	208	296	301	302	0
173	1	218
174	5	207	208	209	301	302
175	1	301
176	4	79	120	130	176
177	1	2
178	1	2
179	1	2
180	1	2
181	1	2
182	6	4	25	26	108	114	125
183	1	2
184	2	2	104
185	1	10
186	2	13	14
187	3	17	18	19
188	2	17	19
189	2	13	14
190	1	14
191	1	14
192	1	17
193	1	20
194	1	20
195	1	21
196	3	24	115	116
197	2	26	27
198	2	31	143
199	1	31
200	3	31	141	152
201	1	33
202	1	34
203	1	34
204	1	34
205	4	35	36	163	165
206	1	39
207	12	39	58	59	146	164	166	167	169	170	171	172	174
208	6	39	58	59	166	172	174
209	4	39	136	146	174
210	1	34
211	5	39	136	147	166	167
212	3	40	137	165
213	2	39	165
214	3	41	163	165
215	1	34
216	14	39	42	43	44	45	136	146	147	164	166	167	168	169	170
217	1	34
218	9	36	37	39	43	45	46	136	147	173
219	3	34	75	126
220	1	34
221	4	48	136	146	167
222	1	50
223	1	52
224	1	53
225	1	54
226	1	65
227	3	67	158	159
228	2	69	70
229	1	71
230	1	71
231	1	71
232	1	69
233	2	69	148
234	2	69	70
235	1	70
236	3	73	77	155
237	3	73	77	155
238	2	73	77
239	3	73	77	155
240	3	73	77	155
241	3	73	77	155
242	2	73	77
243	2	75	115
244	2	80	120
245	1	89
246	2	90	97
247	2	90	97
248	3	91	92	98
249	2	90	97
250	3	91	92	98
251	1	90
252	1	90
253	1	90
254	1	90
255	3	90	97	160
256	1	90
257	4	90	94	97	99
258	6	91	92	95	96	98	100
259	1	90
260	1	93
261	2	97	160
262	1	101
263	2	101	102
264	1	104
265	4	105	106	107	156
266	4	105	106	107	156
267	3	105	106	156
268	1	109
269	1	113
270	1	115
271	1	116
272	1	117
273	2	122	123
274	1	126
275	1	126
276	1	131
277	1	133
278	2	136	137
279	1	138
280	2	20	118
281	2	20	118
282	2	20	118
283	2	69	70
284	1	104
285	2	157	159
286	2	158	159
287	2	158	159
288	2	158	159
289	2	158	159
290	1	117
291	1	162
292	2	137	146
293	2	136	164
294	3	146	166	167
295	1	146
296	9	136	146	147	166	167	169	170	171	172
297	1	165
298	1	165
299	2	166	167
300	1	165
301	11	146	147	164	166	167	169	170	171	172	174	175
302	8	136	146	166	167	169	171	172	174
